"year","coefficient","value"
1368,"Penalized ML",0.14666193390908042
1369,"Penalized ML",0.21970788717084272
1370,"Penalized ML",0.24238910786559328
1371,"Penalized ML",0.2629100366257346
1372,"Penalized ML",0.27525785660426777
1373,"Penalized ML",0.27874419610251483
1374,"Penalized ML",0.2917687402974874
1375,"Penalized ML",0.2882150315003611
1376,"Penalized ML",0.284102096661921
1377,"Penalized ML",0.28972644110053436
1378,"Penalized ML",0.3031907561099404
1379,"Penalized ML",0.318008518535991
1380,"Penalized ML",0.3367717604671598
1381,"Penalized ML",0.34313558412677564
1382,"Penalized ML",0.35301853921495013
1383,"Penalized ML",0.36888094848352704
1384,"Penalized ML",0.3834961920483045
1385,"Penalized ML",0.3833935633368274
1386,"Penalized ML",0.3783509404069724
1387,"Penalized ML",0.38231017099195025
1388,"Penalized ML",0.39216704866210256
1389,"Penalized ML",0.39425970870459015
1390,"Penalized ML",0.38750940198770634
1391,"Penalized ML",0.38042958699521
1392,"Penalized ML",0.3722276115593588
1393,"Penalized ML",0.36787015417877644
1394,"Penalized ML",0.3487450222516121
1395,"Penalized ML",0.3393778905891204
1396,"Penalized ML",0.3143032028361399
1397,"Penalized ML",0.28618038789874956
1398,"Penalized ML",0.26723673639382933
1399,"Penalized ML",0.2596854668671059
1400,"Penalized ML",0.2624765710776879
1401,"Penalized ML",0.270034826607012
1402,"Penalized ML",0.286639898933267
1403,"Penalized ML",0.296590425118858
1404,"Penalized ML",0.29851554304636246
1405,"Penalized ML",0.29717955183477335
1406,"Penalized ML",0.3049462452975876
1407,"Penalized ML",0.322623704848277
1408,"Penalized ML",0.34306637984457217
1409,"Penalized ML",0.34928914191996085
1410,"Penalized ML",0.352952691939786
1411,"Penalized ML",0.3544778839235898
1412,"Penalized ML",0.3605764130719486
1413,"Penalized ML",0.3631719066036345
1414,"Penalized ML",0.36646200064099804
1415,"Penalized ML",0.376526027988532
1416,"Penalized ML",0.38125807876726053
1417,"Penalized ML",0.3805264332284711
1418,"Penalized ML",0.3796846782802163
1419,"Penalized ML",0.371200455559971
1420,"Penalized ML",0.3662791513825114
1421,"Penalized ML",0.35686910168377445
1422,"Penalized ML",0.34887215642812064
1423,"Penalized ML",0.34595835031929856
1424,"Penalized ML",0.33397710032198136
1425,"Penalized ML",0.32711721656632564
1426,"Penalized ML",0.3286408428267643
1427,"Penalized ML",0.3361705740640144
1428,"Penalized ML",0.35168364589480633
1429,"Penalized ML",0.36992704626478334
1430,"Penalized ML",0.3828998086771326
1431,"Penalized ML",0.3896577760657426
1432,"Penalized ML",0.39509976235590916
1433,"Penalized ML",0.3899433293238146
1434,"Penalized ML",0.3825600133577371
1435,"Penalized ML",0.36463671249612245
1436,"Penalized ML",0.3430633670463193
1437,"Penalized ML",0.33017395973141245
1438,"Penalized ML",0.3176258307240005
1439,"Penalized ML",0.3115916849012339
1440,"Penalized ML",0.30609323662910976
1441,"Penalized ML",0.2939267886811712
1442,"Penalized ML",0.29310692672565386
1443,"Penalized ML",0.2979823194989
1444,"Penalized ML",0.29741519642453285
1445,"Penalized ML",0.2926287980733022
1446,"Penalized ML",0.2922124954896396
1447,"Penalized ML",0.29312474234534924
1448,"Penalized ML",0.30869412062796225
1449,"Penalized ML",0.32843431743922613
1450,"Penalized ML",0.339534492582871
1451,"Penalized ML",0.3477395354951937
1452,"Penalized ML",0.3400533064322516
1453,"Penalized ML",0.3424904326984278
1454,"Penalized ML",0.3451158604028037
1455,"Penalized ML",0.3422858998922554
1456,"Penalized ML",0.34075529722716486
1457,"Penalized ML",0.3361434498991312
1458,"Penalized ML",0.34014263347488854
1459,"Penalized ML",0.35842832447580036
1460,"Penalized ML",0.36894848961674126
1461,"Penalized ML",0.3775304068238485
1462,"Penalized ML",0.38886083487069867
1463,"Penalized ML",0.39871187676397074
1464,"Penalized ML",0.408803212048492
1465,"Penalized ML",0.4158058807964673
1466,"Penalized ML",0.4063286633776348
1467,"Penalized ML",0.39638545556590926
1468,"Penalized ML",0.38302778147477123
1469,"Penalized ML",0.36427774501848315
1470,"Penalized ML",0.3418420563175213
1471,"Penalized ML",0.3241637317879524
1472,"Penalized ML",0.3010712017104606
1473,"Penalized ML",0.29232171388180656
1474,"Penalized ML",0.29040276865328857
1475,"Penalized ML",0.2936146671788628
1476,"Penalized ML",0.29949133644442644
1477,"Penalized ML",0.299635187934235
1478,"Penalized ML",0.2993278921863568
1479,"Penalized ML",0.29949462595829923
1480,"Penalized ML",0.30602037411230165
1481,"Penalized ML",0.308191526500395
1482,"Penalized ML",0.30829549544842116
1483,"Penalized ML",0.3028947884812293
1484,"Penalized ML",0.3017867732775807
1485,"Penalized ML",0.308548833220624
1486,"Penalized ML",0.31651477658476707
1487,"Penalized ML",0.31801433230521414
1488,"Penalized ML",0.32407368290980304
1489,"Penalized ML",0.3291330631356145
1490,"Penalized ML",0.33439906188184165
1491,"Penalized ML",0.3434695984629337
1492,"Penalized ML",0.34936465121332305
1493,"Penalized ML",0.35141077291580797
1494,"Penalized ML",0.3454606587525396
1495,"Penalized ML",0.3427413321388065
1496,"Penalized ML",0.33683156601138176
1497,"Penalized ML",0.3331037017767383
1498,"Penalized ML",0.3298670075332898
1499,"Penalized ML",0.3274927814012479
1500,"Penalized ML",0.3271381265441303
1501,"Penalized ML",0.331261567320112
1502,"Penalized ML",0.3386966454784977
1503,"Penalized ML",0.34233438305081293
1504,"Penalized ML",0.34853303128651475
1505,"Penalized ML",0.35029307301386614
1506,"Penalized ML",0.3510475989070822
1507,"Penalized ML",0.35220238409963633
1508,"Penalized ML",0.35860905486270034
1509,"Penalized ML",0.3604431649631859
1510,"Penalized ML",0.3602685156103873
1511,"Penalized ML",0.36451518641244907
1512,"Penalized ML",0.36704014438676236
1513,"Penalized ML",0.3680435089264953
1514,"Penalized ML",0.3626940022103133
1515,"Penalized ML",0.3535460158219778
1516,"Penalized ML",0.3445972664527631
1517,"Penalized ML",0.33325265643053636
1518,"Penalized ML",0.32327319198464133
1519,"Penalized ML",0.31518265843350046
1520,"Penalized ML",0.311866454028319
1521,"Penalized ML",0.31228756121336654
1522,"Penalized ML",0.3138463767435084
1523,"Penalized ML",0.329053882132674
1524,"Penalized ML",0.3506942467276939
1525,"Penalized ML",0.3674489989999362
1526,"Penalized ML",0.3836354438038661
1527,"Penalized ML",0.40451573820291536
1528,"Penalized ML",0.4258888465467504
1529,"Penalized ML",0.4402180694985815
1530,"Penalized ML",0.44254319745417436
1531,"Penalized ML",0.4430875415248255
1532,"Penalized ML",0.43274908217144364
1533,"Penalized ML",0.42394984739757297
1534,"Penalized ML",0.40221267188358034
1535,"Penalized ML",0.388367266006332
1536,"Penalized ML",0.37865124463402466
1537,"Penalized ML",0.3715065409850689
1538,"Penalized ML",0.3669978449399599
1539,"Penalized ML",0.3643633769846967
1540,"Penalized ML",0.3580174889619168
1541,"Penalized ML",0.35768602551904033
1542,"Penalized ML",0.3470719629301484
1543,"Penalized ML",0.3426243929187592
1544,"Penalized ML",0.33137875357247937
1545,"Penalized ML",0.32339460916222784
1546,"Penalized ML",0.31999240504446513
1547,"Penalized ML",0.31215452160590595
1548,"Penalized ML",0.3104759328763042
1549,"Penalized ML",0.3062671652733512
1550,"Penalized ML",0.3017695896810458
1551,"Penalized ML",0.2878419733313767
1552,"Penalized ML",0.27843999808074915
1553,"Penalized ML",0.27718962787692586
1554,"Penalized ML",0.2849225770297724
1555,"Penalized ML",0.295564792911042
1556,"Penalized ML",0.3040593925598562
1557,"Penalized ML",0.3040090460142754
1558,"Penalized ML",0.3139964556820031
1559,"Penalized ML",0.32641467160684295
1560,"Penalized ML",0.3319100037276608
1561,"Penalized ML",0.3472574560320024
1562,"Penalized ML",0.35932974278875923
1563,"Penalized ML",0.370734849870117
1564,"Penalized ML",0.3765051366896571
1565,"Penalized ML",0.37758466326581813
1566,"Penalized ML",0.38119458558279207
1567,"Penalized ML",0.3889779614813271
1568,"Penalized ML",0.39697342220455284
1569,"Penalized ML",0.4042611254065991
1570,"Penalized ML",0.4037902005575682
1571,"Penalized ML",0.4060119200929826
1572,"Penalized ML",0.40981078166043916
1573,"Penalized ML",0.4060657631391253
1574,"Penalized ML",0.4025773610449894
1575,"Penalized ML",0.40233842119746915
1576,"Penalized ML",0.3949918939569075
1577,"Penalized ML",0.389457479108976
1578,"Penalized ML",0.383120293662701
1579,"Penalized ML",0.37550806706696843
1580,"Penalized ML",0.3633108316309628
1581,"Penalized ML",0.3578540613761734
1582,"Penalized ML",0.3513509340039558
1583,"Penalized ML",0.34474121276114383
1584,"Penalized ML",0.3378100574035762
1585,"Penalized ML",0.32684330292586816
1586,"Penalized ML",0.31817240047048384
1587,"Penalized ML",0.31923791470553387
1588,"Penalized ML",0.31706695227738574
1589,"Penalized ML",0.3201099396860579
1590,"Penalized ML",0.32939602441979804
1591,"Penalized ML",0.3368647998256535
1592,"Penalized ML",0.33510871614518856
1593,"Penalized ML",0.3370421588368718
1594,"Penalized ML",0.3409114567940232
1595,"Penalized ML",0.3491667964981691
1596,"Penalized ML",0.35152427379139106
1597,"Penalized ML",0.3487759102493719
1598,"Penalized ML",0.3496289115034747
1599,"Penalized ML",0.3547701069185262
1600,"Penalized ML",0.35506679127928936
1601,"Penalized ML",0.3547770630668553
1602,"Penalized ML",0.35078307869718345
1603,"Penalized ML",0.3419306169005975
1604,"Penalized ML",0.31739038591611485
1605,"Penalized ML",0.28963617431762917
1606,"Penalized ML",0.25971818904988647
1607,"Penalized ML",0.24688083285484907
1608,"Penalized ML",0.24714532582370535
1609,"Penalized ML",0.2297447424050571
1610,"Penalized ML",0.22727525642900293
1611,"Penalized ML",0.23952131543871086
1612,"Penalized ML",0.25812772004639944
1613,"Penalized ML",0.27577203777391074
1614,"Penalized ML",0.2913922176240024
1615,"Penalized ML",0.3069685181367078
1616,"Penalized ML",0.3082042484035823
1617,"Penalized ML",0.3103313193292546
1618,"Penalized ML",0.31528270972781935
1619,"Penalized ML",0.32424561963978765
1620,"Penalized ML",0.3289026066520739
1621,"Penalized ML",0.3309587521681022
1622,"Penalized ML",0.3295059837421433
1623,"Penalized ML",0.3367937011054414
1624,"Penalized ML",0.35195291046988386
1625,"Penalized ML",0.3599409120652157
1626,"Penalized ML",0.3619669024888094
1627,"Penalized ML",0.3594851835236689
1628,"Penalized ML",0.35669766481881515
1629,"Penalized ML",0.3443715303420847
1630,"Penalized ML",0.3341559438252912
1631,"Penalized ML",0.3299216566123025
1632,"Penalized ML",0.3310663059239598
1633,"Penalized ML",0.32842585640731065
1634,"Penalized ML",0.3323073521887035
1635,"Penalized ML",0.34160236155382345
1636,"Penalized ML",0.3464511521489862
1637,"Penalized ML",0.3540490112281392
1638,"Penalized ML",0.36621658582716643
1639,"Penalized ML",0.3748346069078745
1640,"Penalized ML",0.386508741231683
1641,"Penalized ML",0.39004881094120264
1642,"Penalized ML",0.3843105647957507
1643,"Penalized ML",0.38069525669800497
1644,"Penalized ML",0.37063569041861244
1645,"Penalized ML",0.3600651312831798
1646,"Penalized ML",0.3530469275392754
1647,"Penalized ML",0.34739195576822446
1648,"Penalized ML",0.3427627133114926
1649,"Penalized ML",0.3423499121409417
1650,"Penalized ML",0.34130550885047856
1651,"Penalized ML",0.3301926604748923
1652,"Penalized ML",0.31520419470293876
1653,"Penalized ML",0.31093777586281673
1654,"Penalized ML",0.31030286646172306
1655,"Penalized ML",0.3072754361457808
1656,"Penalized ML",0.30373649606673386
1657,"Penalized ML",0.30298814796297374
1658,"Penalized ML",0.30884200151195185
1659,"Penalized ML",0.3116119465004315
1660,"Penalized ML",0.3175589790369092
1661,"Penalized ML",0.3170461614342464
1662,"Penalized ML",0.3248685794001981
1663,"Penalized ML",0.3304416829889037
1664,"Penalized ML",0.3289382250593809
1665,"Penalized ML",0.32297646828320686
1666,"Penalized ML",0.31778549273270096
1667,"Penalized ML",0.3096837921582748
1668,"Penalized ML",0.30370195310670645
1669,"Penalized ML",0.29268143901926197
1670,"Penalized ML",0.2930349845092703
1671,"Penalized ML",0.3006851397336398
1672,"Penalized ML",0.3108330171212764
1673,"Penalized ML",0.32018059993210923
1674,"Penalized ML",0.3276508958533417
1675,"Penalized ML",0.33926162474465743
1676,"Penalized ML",0.3432150884270577
1677,"Penalized ML",0.34049750004528606
1678,"Penalized ML",0.32970589205002
1679,"Penalized ML",0.3263998644891263
1680,"Penalized ML",0.31115065286986215
1681,"Penalized ML",0.2999413120782104
1682,"Penalized ML",0.2781111848009365
1683,"Penalized ML",0.26178437978887475
1684,"Penalized ML",0.26013867773282584
1685,"Penalized ML",0.25611234494604895
1686,"Penalized ML",0.25908780063688797
1687,"Penalized ML",0.253588138677963
1688,"Penalized ML",0.2666983409959356
1689,"Penalized ML",0.27385807232318865
1690,"Penalized ML",0.2743563192037839
1691,"Penalized ML",0.27951824930835417
1692,"Penalized ML",0.2808961510797847
1693,"Penalized ML",0.28429202487945615
1694,"Penalized ML",0.2873447871549385
1695,"Penalized ML",0.2969012412116554
1696,"Penalized ML",0.3053266569028421
1697,"Penalized ML",0.31117407082769283
1698,"Penalized ML",0.2984087553389068
1699,"Penalized ML",0.28576122692510686
1700,"Penalized ML",0.28223479399076695
1701,"Penalized ML",0.28558676929803106
1702,"Penalized ML",0.28582765281835787
1703,"Penalized ML",0.289291761705215
1704,"Penalized ML",0.3000279442190854
1705,"Penalized ML",0.30368165527650826
1706,"Penalized ML",0.3051241960602091
1707,"Penalized ML",0.31387276622862953
1708,"Penalized ML",0.32118145205739196
1709,"Penalized ML",0.3307649858368293
1710,"Penalized ML",0.341097135919948
1711,"Penalized ML",0.3475809285071362
1712,"Penalized ML",0.35449144429759677
1713,"Penalized ML",0.3670371914735406
1714,"Penalized ML",0.37332648895530984
1715,"Penalized ML",0.3821129808009574
1716,"Penalized ML",0.38152509229937154
1717,"Penalized ML",0.37664232265700714
1718,"Penalized ML",0.3719727390380289
1719,"Penalized ML",0.3686847872470204
1720,"Penalized ML",0.35714456917475235
1721,"Penalized ML",0.3443102296189304
1722,"Penalized ML",0.32930179850555613
1723,"Penalized ML",0.3156586057606623
1724,"Penalized ML",0.29914817767675617
1725,"Penalized ML",0.2919750371560838
1726,"Penalized ML",0.29233023985129447
1727,"Penalized ML",0.29142999140328635
1728,"Penalized ML",0.2986086164195473
1729,"Penalized ML",0.303323534050344
1730,"Penalized ML",0.2982128366093138
1731,"Penalized ML",0.2962619336419044
1732,"Penalized ML",0.2855640879669931
1733,"Penalized ML",0.2865150033052
1734,"Penalized ML",0.2875391822069558
1735,"Penalized ML",0.2839544537902854
1736,"Penalized ML",0.2896964494363082
1737,"Penalized ML",0.30497257639196124
1738,"Penalized ML",0.3106071142543421
1739,"Penalized ML",0.29744652693849055
1740,"Penalized ML",0.278358388960696
1741,"Penalized ML",0.26971343381519947
1742,"Penalized ML",0.2704285250283275
1743,"Penalized ML",0.26988002871424205
1744,"Penalized ML",0.27926055716433573
1745,"Penalized ML",0.2929302789355813
1746,"Penalized ML",0.3127246847863609
1747,"Penalized ML",0.3213701603548067
1748,"Penalized ML",0.33049846317175685
1749,"Penalized ML",0.3355769936690775
1750,"Penalized ML",0.3384042462455233
1751,"Penalized ML",0.34184057481051344
1752,"Penalized ML",0.34152828390084933
1753,"Penalized ML",0.33700883286463584
1754,"Penalized ML",0.3352029109817356
1755,"Penalized ML",0.3378179617335155
1756,"Penalized ML",0.34128277666675877
1757,"Penalized ML",0.343089551858372
1758,"Penalized ML",0.3479809530135982
1759,"Penalized ML",0.3592498888683534
1760,"Penalized ML",0.3746574261032202
1761,"Penalized ML",0.3852448909172306
1762,"Penalized ML",0.3984231166550309
1763,"Penalized ML",0.3799953434818246
1764,"Penalized ML",0.3692142938079854
1765,"Penalized ML",0.3609416577344986
1766,"Penalized ML",0.3490695311367336
1767,"Penalized ML",0.33922159151297687
1768,"Penalized ML",0.33224116103104556
1769,"Penalized ML",0.3279607964275911
1770,"Penalized ML",0.32682059651926376
1771,"Penalized ML",0.32186304768240537
1772,"Penalized ML",0.31488057158324423
1773,"Penalized ML",0.31180215637297565
1774,"Penalized ML",0.31785404832891445
1775,"Penalized ML",0.3254931765512228
1776,"Penalized ML",0.3259258729344811
1777,"Penalized ML",0.3285344743712525
1778,"Penalized ML",0.3329928215190674
1779,"Penalized ML",0.33683267562374003
1780,"Penalized ML",0.3420316870204339
1781,"Penalized ML",0.355726044533884
1782,"Penalized ML",0.3697081857564348
1783,"Penalized ML",0.38085440911731805
1784,"Penalized ML",0.3853487782393287
1785,"Penalized ML",0.38549033250624526
1786,"Penalized ML",0.3836726934522775
1787,"Penalized ML",0.3814494471948988
1788,"Penalized ML",0.37063621032849026
1789,"Penalized ML",0.36658255005921936
1790,"Penalized ML",0.36778967855381206
1791,"Penalized ML",0.3681461006581328
1792,"Penalized ML",0.37222646980389396
1793,"Penalized ML",0.3761714168804453
1794,"Penalized ML",0.37227089604358393
1795,"Penalized ML",0.36395418101075366
1796,"Penalized ML",0.35359156250416124
1797,"Penalized ML",0.3430045229626407
1798,"Penalized ML",0.33961477505478954
1799,"Penalized ML",0.3383641817777729
1800,"Penalized ML",0.33445610294344386
1801,"Penalized ML",0.32475322589913
1802,"Penalized ML",0.31668924554761657
1803,"Penalized ML",0.30507701017000666
1804,"Penalized ML",0.30188353257372513
1805,"Penalized ML",0.3024811406942232
1806,"Penalized ML",0.3030172122402278
1807,"Penalized ML",0.29363026171652634
1808,"Penalized ML",0.29815196558581003
1809,"Penalized ML",0.30870237162148584
1810,"Penalized ML",0.3250236569456522
1811,"Penalized ML",0.3516984340015525
1812,"Penalized ML",0.3669883019271104
1813,"Penalized ML",0.37789298500304624
1814,"Penalized ML",0.3877873631607284
1815,"Penalized ML",0.3885080970618536
1816,"Penalized ML",0.3925848048377336
1817,"Penalized ML",0.3977219452672086
1818,"Penalized ML",0.404448016103792
1819,"Penalized ML",0.4063549362351646
1820,"Penalized ML",0.40339379270947545
1821,"Penalized ML",0.40623802038167806
1822,"Penalized ML",0.40698491499419215
1823,"Penalized ML",0.40873942417244813
1824,"Penalized ML",0.4077655451793311
1825,"Penalized ML",0.39769071959127217
1826,"Penalized ML",0.39039375614715194
1827,"Penalized ML",0.38146188031516454
1828,"Penalized ML",0.37747624325270807
1829,"Penalized ML",0.37120314957004785
1830,"Penalized ML",0.37561318029678586
1831,"Penalized ML",0.3915040897205616
1832,"Penalized ML",0.4006762698179251
1833,"Penalized ML",0.41130491723057355
1834,"Penalized ML",0.41867749585884007
1835,"Penalized ML",0.4234661433229298
1836,"Penalized ML",0.4203007298630746
1837,"Penalized ML",0.41540715637699804
1838,"Penalized ML",0.41681822474476693
1839,"Penalized ML",0.41687836451958776
1840,"Penalized ML",0.4201979785232418
1841,"Penalized ML",0.42375941569774395
1842,"Penalized ML",0.4179285491046695
1843,"Penalized ML",0.4205724471907269
1844,"Penalized ML",0.4190305013849572
1845,"Penalized ML",0.4111683441333278
1846,"Penalized ML",0.40595059228950797
1847,"Penalized ML",0.4016157474597861
1848,"Penalized ML",0.3968154584642059
1849,"Penalized ML",0.3841522479712066
1850,"Penalized ML",0.37593005166622934
1851,"Penalized ML",0.3735214483302395
1852,"Penalized ML",0.37912026724089437
1853,"Penalized ML",0.38356118911331555
1854,"Penalized ML",0.39276220659255673
1855,"Penalized ML",0.40148754799968217
1856,"Penalized ML",0.4007360769306898
1857,"Penalized ML",0.3947125921322376
1858,"Penalized ML",0.39463623497302397
1859,"Penalized ML",0.3978442579106692
1860,"Penalized ML",0.40243446046370956
1861,"Penalized ML",0.4050273927602535
1862,"Penalized ML",0.40437518460425703
1863,"Penalized ML",0.40569116485517975
1864,"Penalized ML",0.4120480531493162
1865,"Penalized ML",0.41706207578389815
1866,"Penalized ML",0.42447440424639504
1867,"Penalized ML",0.43213064276719115
1868,"Penalized ML",0.4361489406423978
1869,"Penalized ML",0.4255223308975625
1870,"Penalized ML",0.4093962599259444
1871,"Penalized ML",0.3960987949079646
1872,"Penalized ML",0.3856698710142667
1873,"Penalized ML",0.37849577617479346
1874,"Penalized ML",0.36626607045499027
1875,"Penalized ML",0.3519319015677118
1876,"Penalized ML",0.3474644307822605
1877,"Penalized ML",0.3436660805627759
1878,"Penalized ML",0.3442478483381499
1879,"Penalized ML",0.352888273423638
1880,"Penalized ML",0.3499595185207535
1881,"Penalized ML",0.3482935409281861
1882,"Penalized ML",0.32935182008142844
1883,"Penalized ML",0.32159971585578295
1884,"Penalized ML",0.32395761632218173
1885,"Penalized ML",0.33282515254485534
1886,"Penalized ML",0.32787729074474603
1887,"Penalized ML",0.32817004357573304
1888,"Penalized ML",0.3158490304480846
1889,"Penalized ML",0.301312651543533
1890,"Penalized ML",0.29456674756010676
1891,"Penalized ML",0.29521519739067204
1892,"Penalized ML",0.2994945993632607
1893,"Penalized ML",0.3114882652639067
1894,"Penalized ML",0.3101539198381048
1895,"Penalized ML",0.3185514211050829
1896,"Penalized ML",0.3361337665530968
1897,"Penalized ML",0.34955746554468026
1898,"Penalized ML",0.36035874011314184
1899,"Penalized ML",0.36636984289837976
1900,"Penalized ML",0.3701293474676058
1901,"Penalized ML",0.3754330036585326
1902,"Penalized ML",0.378862131014823
1903,"Penalized ML",0.37965159729909886
1904,"Penalized ML",0.37692680036854764
1905,"Penalized ML",0.3718334382445627
1906,"Penalized ML",0.3592019738949292
1907,"Penalized ML",0.33493869177681135
1908,"Penalized ML",0.29630102181526796
1909,"Penalized ML",0.2603712949976361
1910,"Penalized ML",0.22298516438915
1911,"Penalized ML",0.13901170949872227
1368,"ML",0.41256332117246586
1369,"ML",0.6061911308449285
1370,"ML",0.23353735750490817
1371,"ML",0.30437799159685625
1372,"ML",0.354900297841157
1373,"ML",0.10956647287691082
1374,"ML",0.5263991267749178
1375,"ML",0.2630873841991081
1376,"ML",0.13072679746841323
1377,"ML",0.11757108728698958
1378,"ML",0.23352304259405365
1379,"ML",0.2227522143394542
1380,"ML",0.5502393923907274
1381,"ML",0.23223686184494943
1382,"ML",0.17177143050323485
1383,"ML",0.2980144989907726
1384,"ML",0.6571598977330937
1385,"ML",0.4240423625481725
1386,"ML",0.07357577797288899
1387,"ML",0.1635107101211728
1388,"ML",0.311242613787438
1389,"ML",0.5107700551883746
1390,"ML",0.2522173686643947
1391,"ML",0.2950136612576766
1392,"ML",0.20876955111891987
1393,"ML",0.649854470038632
1394,"ML",0.14063641609842953
1395,"ML",0.6165330586882314
1396,"ML",0.3705321145547631
1397,"ML",0.1284892847709702
1398,"ML",0.11706190772631495
1399,"ML",0.12573687222062332
1400,"ML",0.18608190839790176
1401,"ML",0.1618746873868143
1402,"ML",0.37933065327737975
1403,"ML",0.38049166332746726
1404,"ML",0.31235238752620925
1405,"ML",0.1417150522695368
1406,"ML",0.11974266081644802
1407,"ML",0.21069240670540856
1408,"ML",0.6345104346322324
1409,"ML",0.32311910529381627
1410,"ML",0.33876119675690697
1411,"ML",0.20623917529832675
1412,"ML",0.4040160992973502
1413,"ML",0.31886673758855266
1414,"ML",0.17637151903020967
1415,"ML",0.4333735624884806
1416,"ML",0.4653883207657614
1417,"ML",0.3132953232993192
1418,"ML",0.48988009218167533
1419,"ML",0.22948345552766927
1420,"ML",0.4271954455583197
1421,"ML",0.22854594388904512
1422,"ML",0.26564994792467383
1423,"ML",0.571920745764938
1424,"ML",0.2785850217257723
1425,"ML",0.18538811253871987
1426,"ML",0.16398149133679868
1427,"ML",0.14686681667774737
1428,"ML",0.2412451713413949
1429,"ML",0.35635608956976494
1430,"ML",0.3949010133386024
1431,"ML",0.2719353416997312
1432,"ML",0.580236356251193
1433,"ML",0.36415108625539155
1434,"ML",0.6083317603368804
1435,"ML",0.44487537008437505
1436,"ML",0.1293829459062717
1437,"ML",0.30012417282654713
1438,"ML",0.19503771160777494
1439,"ML",0.2724972923700303
1440,"ML",0.41771142449137383
1441,"ML",0.1410878181142537
1442,"ML",0.20481964572326894
1443,"ML",0.39164144208564317
1444,"ML",0.34698634640304815
1445,"ML",0.18008945017630973
1446,"ML",0.26147154541165696
1447,"ML",0.0723987695052414
1448,"ML",0.2014580516159786
1449,"ML",0.46118834155009875
1450,"ML",0.2813992207921544
1451,"ML",0.4127105131223257
1452,"ML",0.08562470700095973
1453,"ML",0.20908053855701206
1454,"ML",0.4436197262588899
1455,"ML",0.3223702182283096
1456,"ML",0.44408600513031415
1457,"ML",0.18234838073775633
1458,"ML",0.08856140029809292
1459,"ML",0.4344697471077007
1460,"ML",0.24047975023476445
1461,"ML",0.2461760880336749
1462,"ML",0.34246635761761623
1463,"ML",0.23091308855302814
1464,"ML",0.35321301485802
1465,"ML",0.7076314222926113
1466,"ML",0.3050451181238694
1467,"ML",0.4250062226863438
1468,"ML",0.49260310496401993
1469,"ML",0.44909494922893944
1470,"ML",0.2594072320974525
1471,"ML",0.3439206832477079
1472,"ML",0.09787021381147357
1473,"ML",0.17541922924411474
1474,"ML",0.1898178440722667
1475,"ML",0.24211770294259558
1476,"ML",0.34276898595292105
1477,"ML",0.2880005166622878
1478,"ML",0.2661833706766791
1479,"ML",0.18649255974234125
1480,"ML",0.3550285105453212
1481,"ML",0.32378327394337136
1482,"ML",0.3904488178989977
1483,"ML",0.20278907446609898
1484,"ML",0.17098970557863996
1485,"ML",0.28865846987050237
1486,"ML",0.3892486943675387
1487,"ML",0.2095177753220456
1488,"ML",0.18364352400025716
1489,"ML",0.13459142838600524
1490,"ML",0.19874345298434778
1491,"ML",0.2986153145930976
1492,"ML",0.36234689197810893
1493,"ML",0.3914278635283739
1494,"ML",0.2336719088551209
1495,"ML",0.38233648757799427
1496,"ML",0.23980029140949785
1497,"ML",0.29054231715370454
1498,"ML",0.24655421021599488
1499,"ML",0.2842742112458699
1500,"ML",0.23235061367107074
1501,"ML",0.25439871760631744
1502,"ML",0.35773198719074395
1503,"ML",0.285968298180752
1504,"ML",0.3208691919940211
1505,"ML",0.3458546772174678
1506,"ML",0.3191041449607746
1507,"ML",0.22805919274553696
1508,"ML",0.31196609123826297
1509,"ML",0.35368296449474135
1510,"ML",0.21088068005537663
1511,"ML",0.30784095188583643
1512,"ML",0.34432833627175896
1513,"ML",0.43668046157359347
1514,"ML",0.42102305024963727
1515,"ML",0.28372559849665074
1516,"ML",0.34867352638310606
1517,"ML",0.28211550052698864
1518,"ML",0.2855963191002204
1519,"ML",0.23882168025607214
1520,"ML",0.24600170579755892
1521,"ML",0.3448696688715073
1522,"ML",0.11397388609284823
1523,"ML",0.22963530657027792
1524,"ML",0.4581905639658036
1525,"ML",0.34727702885445744
1526,"ML",0.14635616466527165
1527,"ML",0.16943917793919713
1528,"ML",0.45839562476253737
1529,"ML",0.6275064234657474
1530,"ML",0.339678506668254
1531,"ML",0.2623982716401229
1532,"ML",0.31283679749093257
1533,"ML",0.7562149558527528
1534,"ML",0.14216116068885715
1535,"ML",0.19370049655499622
1536,"ML",0.14428560881337388
1537,"ML",0.2464571378453879
1538,"ML",0.29075884507388167
1539,"ML",0.4097019763823805
1540,"ML",0.19197879622730513
1541,"ML",0.5390694539096035
1542,"ML",0.19973157120533805
1543,"ML",0.4457169863498514
1544,"ML",0.23796434146519732
1545,"ML",0.1864256554961206
1546,"ML",0.3501248006871944
1547,"ML",0.1899446905511481
1548,"ML",0.29257575422643567
1549,"ML",0.29850723957162456
1550,"ML",0.4204014386188171
1551,"ML",0.21517745266602942
1552,"ML",0.14509826383264704
1553,"ML",0.1491868135235241
1554,"ML",0.23530431773141602
1555,"ML",0.33597402759541334
1556,"ML",0.41640778519225286
1557,"ML",0.12150886025986896
1558,"ML",0.2493785705581274
1559,"ML",0.4016876729731613
1560,"ML",0.09755238366923524
1561,"ML",0.39911403229147757
1562,"ML",0.26922520186468196
1563,"ML",0.4703665290489392
1564,"ML",0.18761681656556958
1565,"ML",0.187907842161349
1566,"ML",0.16037397322035515
1567,"ML",0.2945466112279629
1568,"ML",0.3302115445229429
1569,"ML",0.3581377305357354
1570,"ML",0.1599195648895032
1571,"ML",0.29242044465250905
1572,"ML",0.5664344645590995
1573,"ML",0.3332077063380112
1574,"ML",0.2019562517718336
1575,"ML",0.5293563278805895
1576,"ML",0.3050306456392855
1577,"ML",0.37411773388658875
1578,"ML",0.3417000988760165
1579,"ML",0.4456014372215479
1580,"ML",0.1359235688554645
1581,"ML",0.3494852058459804
1582,"ML",0.3159690868278239
1583,"ML",0.33202986776829785
1584,"ML",0.40455852915139
1585,"ML",0.2233742622113274
1586,"ML",0.09896704917898334
1587,"ML",0.3649719253388844
1588,"ML",0.21331050816347544
1589,"ML",0.2033484337459137
1590,"ML",0.3371876634452354
1591,"ML",0.42857028218402315
1592,"ML",0.2301629561918608
1593,"ML",0.2695003221831501
1594,"ML",0.16970194190851473
1595,"ML",0.39714560304978747
1596,"ML",0.42355236310472166
1597,"ML",0.2136664634064159
1598,"ML",0.20532357428922313
1599,"ML",0.37311527080621887
1600,"ML",0.2298257867123643
1601,"ML",0.2175194555704758
1602,"ML",0.39556131251045645
1603,"ML",0.4497394543682786
1604,"ML",0.2887929910315876
1605,"ML",0.33445132478512546
1606,"ML",0.08665290266230503
1607,"ML",0.11458626430279063
1608,"ML",0.43256415368761203
1609,"ML",0.08929520645697984
1610,"ML",0.0895984420029397
1611,"ML",0.15719438901669652
1612,"ML",0.23259661510073304
1613,"ML",0.25527626945039467
1614,"ML",0.19054689368312097
1615,"ML",0.4944137513115482
1616,"ML",0.2542359968860224
1617,"ML",0.2501532144710743
1618,"ML",0.18986513154793674
1619,"ML",0.38769744459971234
1620,"ML",0.34530313632016596
1621,"ML",0.3140162326969812
1622,"ML",0.10027850576158984
1623,"ML",0.12289703142320949
1624,"ML",0.4437841207904383
1625,"ML",0.40290010182661984
1626,"ML",0.412881311707565
1627,"ML",0.27109048770334
1628,"ML",0.5212530521741606
1629,"ML",0.27871230140927494
1630,"ML",0.1995552972865724
1631,"ML",0.18917409143791988
1632,"ML",0.39420840442165533
1633,"ML",0.1566677636455219
1634,"ML",0.24938078630721955
1635,"ML",0.45016195887141164
1636,"ML",0.2974072609487835
1637,"ML",0.24090686784820894
1638,"ML",0.4137674273975693
1639,"ML",0.16013399775776083
1640,"ML",0.3788283059427348
1641,"ML",0.460921572940748
1642,"ML",0.30453521006184897
1643,"ML",0.5275955075031266
1644,"ML",0.34993762626018177
1645,"ML",0.24898996657552694
1646,"ML",0.31476839962501024
1647,"ML",0.2470291789837737
1648,"ML",0.16370349238457094
1649,"ML",0.3214196777801342
1650,"ML",0.4764233697441375
1651,"ML",0.37639190035756825
1652,"ML",0.09817525554802038
1653,"ML",0.24494030505624861
1654,"ML",0.333832109068311
1655,"ML",0.29581637485342394
1656,"ML",0.25503863556695233
1657,"ML",0.1665145319111706
1658,"ML",0.3345820239127665
1659,"ML",0.19079614409355558
1660,"ML",0.3472533564875648
1661,"ML",0.08146282877496626
1662,"ML",0.31532026597926766
1663,"ML",0.407659847883596
1664,"ML",0.3449344518286745
1665,"ML",0.2610783382330253
1666,"ML",0.35669790160951353
1667,"ML",0.27826277982592135
1668,"ML",0.3491861580992133
1669,"ML",0.13794605197003956
1670,"ML",0.20435468539858034
1671,"ML",0.25272007140577807
1672,"ML",0.3007624437258528
1673,"ML",0.25028525441194455
1674,"ML",0.18303759596172114
1675,"ML",0.24859810949537187
1676,"ML",0.27608102673049156
1677,"ML",0.28721635535867945
1678,"ML",0.11159980983532056
1679,"ML",0.5029455939099411
1680,"ML",0.18808921226883468
1681,"ML",0.4535528392543555
1682,"ML",0.16539595427557666
1683,"ML",0.07575393445190295
1684,"ML",0.21557791012706248
1685,"ML",0.13160570340393069
1686,"ML",0.34884540398845704
1687,"ML",0.051263712585915604
1688,"ML",0.35042852115946493
1689,"ML",0.35624830478594155
1690,"ML",0.20082008555513403
1691,"ML",0.2832553048072232
1692,"ML",0.19691921693344636
1693,"ML",0.2362761098252879
1694,"ML",0.12803539720466567
1695,"ML",0.29414826242826
1696,"ML",0.31267855559916
1697,"ML",0.6164462915097743
1698,"ML",0.3057734675693883
1699,"ML",0.04670951734484358
1700,"ML",0.16633999069093477
1701,"ML",0.32437271627967496
1702,"ML",0.15313498815238238
1703,"ML",0.15188913896090914
1704,"ML",0.41163404022669225
1705,"ML",0.28384763005453506
1706,"ML",0.16620756128980216
1707,"ML",0.36272673606635475
1708,"ML",0.30067930569062035
1709,"ML",0.24467826594780384
1710,"ML",0.3304854616888465
1711,"ML",0.285607553009615
1712,"ML",0.18217005256264118
1713,"ML",0.45944758865695123
1714,"ML",0.21467861624332607
1715,"ML",0.40193556080015375
1716,"ML",0.40514933336850517
1717,"ML",0.22840941384968952
1718,"ML",0.24375228378208139
1719,"ML",0.5000589506152863
1720,"ML",0.22680104398062656
1721,"ML",0.3445961194314399
1722,"ML",0.21518477855022733
1723,"ML",0.35055613871426605
1724,"ML",0.13869997678992632
1725,"ML",0.15185916752916764
1726,"ML",0.19983974618755915
1727,"ML",0.16565088396645958
1728,"ML",0.25030807082952683
1729,"ML",0.4537689057613038
1730,"ML",0.22804542022501567
1731,"ML",0.4127924629436433
1732,"ML",0.09863478720893627
1733,"ML",0.19806694142797263
1734,"ML",0.3093572844689248
1735,"ML",0.10455412485288411
1736,"ML",0.11083519826061555
1737,"ML",0.44874218082835177
1738,"ML",0.4850510788910926
1739,"ML",0.39164949590484144
1740,"ML",0.15020124090725084
1741,"ML",0.154198902664923
1742,"ML",0.2743220992781882
1743,"ML",0.1409006483507656
1744,"ML",0.21509136550441627
1745,"ML",0.1783698016233829
1746,"ML",0.43369927506703587
1747,"ML",0.2858126529895428
1748,"ML",0.3796436052184238
1749,"ML",0.3536446925246326
1750,"ML",0.31142220792378217
1751,"ML",0.3520608563854335
1752,"ML",0.3966105034964512
1753,"ML",0.2118200610642699
1754,"ML",0.22935835122283657
1755,"ML",0.2229716643209098
1756,"ML",0.3225636676936173
1757,"ML",0.2105518332437605
1758,"ML",0.19373207705084977
1759,"ML",0.25798884046968634
1760,"ML",0.3423543532234506
1761,"ML",0.3066197744524239
1762,"ML",0.37505660712112454
1763,"ML",0.08915654262731337
1764,"ML",0.31185915365223355
1765,"ML",0.41402370598381033
1766,"ML",0.28234946011756534
1767,"ML",0.22337288861473403
1768,"ML",0.20198892533829668
1769,"ML",0.2546371204662439
1770,"ML",0.36342962272042845
1771,"ML",0.31104873720732534
1772,"ML",0.20353013458247118
1773,"ML",0.1390826411991503
1774,"ML",0.14220752976168843
1775,"ML",0.46894390410892295
1776,"ML",0.3070511404011434
1777,"ML",0.2900790281453636
1778,"ML",0.36480937102633776
1779,"ML",0.28676701457239234
1780,"ML",0.13561794478209302
1781,"ML",0.2715437097009759
1782,"ML",0.33860925143925913
1783,"ML",0.4737283060987315
1784,"ML",0.4387744226476505
1785,"ML",0.42857308691568036
1786,"ML",0.1410896045906222
1787,"ML",0.5191548562246491
1788,"ML",0.15502468451702756
1789,"ML",0.19035583413457993
1790,"ML",0.3166413099061962
1791,"ML",0.20206466105070328
1792,"ML",0.3119437999025173
1793,"ML",0.4593981897671247
1794,"ML",0.4448644980837513
1795,"ML",0.3828669002263139
1796,"ML",0.3112371981485637
1797,"ML",0.195783397440884
1798,"ML",0.1486821227594276
1799,"ML",0.378908816120524
1800,"ML",0.39815748987899174
1801,"ML",0.2854201418743665
1802,"ML",0.34673623086584376
1803,"ML",0.1790580528256289
1804,"ML",0.24175003710176554
1805,"ML",0.33175038511779653
1806,"ML",0.4164529992424623
1807,"ML",0.08315302545482803
1808,"ML",0.21260388924094797
1809,"ML",0.21887532140851135
1810,"ML",0.12229617639807694
1811,"ML",0.31335543034220886
1812,"ML",0.39963992132621284
1813,"ML",0.32768500987362964
1814,"ML",0.553082864143564
1815,"ML",0.2266284222351845
1816,"ML",0.15295938146131244
1817,"ML",0.27184387871887106
1818,"ML",0.41631783099681463
1819,"ML",0.472831820021157
1820,"ML",0.07508794377617646
1821,"ML",0.3487833866697434
1822,"ML",0.23626680746231696
1823,"ML",0.37532027645579996
1824,"ML",0.5982906883556091
1825,"ML",0.3183121101428009
1826,"ML",0.46124826669161895
1827,"ML",0.24593002170330244
1828,"ML",0.4631832211748693
1829,"ML",0.10249661073171001
1830,"ML",0.10697888492517985
1831,"ML",0.26620975244129746
1832,"ML",0.19988825413750275
1833,"ML",0.44596544503506275
1834,"ML",0.3345352313582695
1835,"ML",0.5638128938583269
1836,"ML",0.39013398280427874
1837,"ML",0.17191562590713194
1838,"ML",0.38056252967774473
1839,"ML",0.27350129065724127
1840,"ML",0.4006506649115114
1841,"ML",0.5993143028957715
1842,"ML",0.08815914046050691
1843,"ML",0.4874240730353809
1844,"ML",0.47289831527623893
1845,"ML",0.30910247197995533
1846,"ML",0.28303930941562366
1847,"ML",0.45901995797321365
1848,"ML",0.6524225306416691
1849,"ML",0.2750838949711508
1850,"ML",0.12008376766752718
1851,"ML",0.15204657493277238
1852,"ML",0.3399731049804453
1853,"ML",0.2251651738758868
1854,"ML",0.20169390639003795
1855,"ML",0.604397431709488
1856,"ML",0.4485942338993467
1857,"ML",0.16517775352094477
1858,"ML",0.25525934124124544
1859,"ML",0.3461996280621885
1860,"ML",0.3203308886682424
1861,"ML",0.5307166011997712
1862,"ML",0.2540299642159417
1863,"ML",0.2307740972277434
1864,"ML",0.4022132587929657
1865,"ML",0.26121811502279113
1866,"ML",0.20320275758552872
1867,"ML",0.39127024691219225
1868,"ML",0.7026232177167644
1869,"ML",0.4116276300047447
1870,"ML",0.13718103205799187
1871,"ML",0.3148818494029121
1872,"ML",0.30238953685775705
1873,"ML",0.5257421080990898
1874,"ML",0.4068849401583785
1875,"ML",0.09678102224597836
1876,"ML",0.2946436995010558
1877,"ML",0.18081984807433316
1878,"ML",0.12433436071087704
1879,"ML",0.5807161864704381
1880,"ML",0.3197023216823534
1881,"ML",0.6339328789703131
1882,"ML",0.08362392344231369
1883,"ML",0.12551139246471513
1884,"ML",0.13955838796833234
1885,"ML",0.5274915360388798
1886,"ML",0.22459576798539252
1887,"ML",0.5483940665243445
1888,"ML",0.3695070114643473
1889,"ML",0.20285103007032773
1890,"ML",0.20950792347983807
1891,"ML",0.23272704361345378
1892,"ML",0.16266533658500582
1893,"ML",0.5441916638658275
1894,"ML",0.1468308034793684
1895,"ML",0.11451450291874342
1896,"ML",0.393288022046567
1897,"ML",0.34720537235625337
1898,"ML",0.44279722063797994
1899,"ML",0.3914786090861677
1900,"ML",0.3111375750937615
1901,"ML",0.38351682426540323
1902,"ML",0.3972097666788238
1903,"ML",0.3525370688643251
1904,"ML",0.321751651647271
1905,"ML",0.39662633485908544
1906,"ML",0.4030581459316918
1907,"ML",0.5028739928153723
1908,"ML",0.15817634782173298
1909,"ML",0.254651824066604
1910,"ML",0.595355326402578
1911,"ML",0.24652498896061928
